x saldo gini emiss bip
20.0000 -230.1700 35.1246 649.0000 4535.0046
22.7500 -222.1784 34.6496 649.0000 4526.5293
25.5000 -214.4627 34.1704 649.0000 4518.1669
28.2500 -207.0073 33.6874 649.0000 4509.9354
31.0000 -199.8313 33.2002 649.0000 4501.8036
33.7500 -192.9321 32.7089 649.0000 4493.7711
36.5000 -186.3071 32.2134 649.0000 4485.8378
39.2500 -179.9538 31.7140 649.0000 4478.0033
42.0000 -173.8696 31.2107 649.0000 4470.2673
44.7500 -173.0544 31.1631 649.0000 4470.0222
47.5000 -172.6450 31.0930 649.0000 4469.6620
50.2500 -172.2888 31.0211 649.0000 4469.2933
53.0000 -171.9462 30.9497 649.0000 4468.9279
55.7500 -171.6169 30.8788 649.0000 4468.5657
58.5000 -171.3009 30.8083 649.0000 4468.2067
61.2500 -171.0403 30.7362 649.0000 4467.8399
64.0000 -170.8447 30.6620 649.0000 4467.4633
66.7500 -170.6638 30.5883 649.0000 4467.0904
69.5000 -170.4975 30.5152 649.0000 4466.7210
72.2500 -170.3456 30.4427 649.0000 4466.3552
75.0000 -170.2081 30.3707 649.0000 4465.9930
